NACA4412 (no rotation)
500000
0
-3.141592653589793	0	0.0001
-3.081727860246388	0.17775573617021223	0.00010611737783785352
-3.021863066902982	0.3555114723404258	0.0013244909981749505
-2.9619982735595767	0.5251105462601191	0.023610251978898013
-2.902133480216171	0.5703800976235224	0.05432227213366474
-2.8422686868727656	0.5332743170400996	0.09302172877480058
-2.7824038935293602	0.5186727616166495	0.139156440569644
-2.7225391001859545	0.514874448044118	0.1920687612006964
-2.662674306842549	0.5158100130136242	0.2510049731352742
-2.602809513499144	0.5179501164838292	0.31512604742976885
-2.542944720155738	0.519073899887324	0.38351961607525686
-2.4830799268123327	0.517712322574811	0.455212986159565
-2.423215133468927	0.5128717265346528	0.5291870103205841
-2.3633503401255216	0.5038859591984812	0.604390615806707
-2.3034855467821163	0.4903320901280016	0.679755785115279
-2.2436207534387105	0.4719794213669321	0.7542127747813291
-2.183755960095305	0.4487566558482573	0.8267053555273023
-2.1238911667518994	0.4207292296367096	0.8962058567074506
-2.064026373408494	0.38808239152867274	0.9617298007916043
-2.0041615800650887	0.35110750397975216	1.0223499194920467
-1.9442967867216832	0.3101900862265521	1.0772093519605377
-1.8844319933782776	0.2657987252814944	1.1255338371445875
-1.824567200034872	0.21847434376688685	1.1666427267268562
-1.7647024066914665	0.16881953985875728	1.1999586618750904
-1.7048376133480612	0.11748786051591366	1.22501577606333
-1.6449728200046556	0.06517296636799846	1.2414663072174785
-1.58510802666125	0.010357782918007957	1.248885946613972
-1.5252432333178445	-0.057188036287131136	1.24624398823727
-1.4653784399744392	-0.13223806108831518	1.2340260523408286
-1.4055136466310336	-0.20638008983130984	1.2130761389737545
-1.345648853287628	-0.27860072460496876	1.1836824327402706
-1.2857840599442225	-0.3479362096025169	1.1462538768425796
-1.225919266600817	-0.4134879779129455	1.1013143838512605
-1.1660544732574116	-0.474438050423594	1.049495405757726
-1.106189679914006	-0.530064293646263	0.9915269689131297
-1.0463248865706005	-0.5797556574606145	0.9282273013299114
-0.9864600932271951	-0.6230276822821739	0.8604911998824755
-0.9265952998837896	-0.6595388219193444	0.7892773029069757
-0.8667305065403842	-0.6891085328336061	0.7155944493110921
-0.8068657131969785	-0.7117387403659385	0.6404873183408374
-0.7470009198535731	-0.7276414099003344	0.5650215544270806
-0.6871361265101675	-0.7372769206016783	0.4902685889031456
-0.6272713331667621	-0.7414115672054676	0.4172903747413359
-0.5674065398233565	-0.7412095339742489	0.3471242517380991
-0.507541746479951	-0.7383890500367976	0.2807681577660705
-0.44767695313654554	-0.7355262559642392	0.2191986077892702
-0.3878121597931401	-0.7367637635679946	0.16337030147553946
-0.32794736644973455	-0.7488218659360818	0.11400022344484569
-0.26808257310632905	-0.7822891739118089	0.07192670863651475
-0.20821777976292352	-0.8571559999999998	0.03804960000000001
-0.14835298641951802	-0.4849	0.01894
-0.1439896632895322	-0.4502	0.01823
-0.13962634015954636	-0.4135	0.01756
-0.13526301702956053	-0.3794	0.01639
-0.1308996938995747	-0.3455	0.01547
-0.1265363707695889	-0.3201	0.01501
-0.12217304763960309	-0.2893	0.01445
-0.11780972450961724	-0.2573	0.01389
-0.11344640137963143	-0.2303	0.01351
-0.1090830782496456	-0.2035	0.01278
-0.10471975511965977	-0.1743	0.01225
-0.10035643198967394	-0.1485	0.0119
-0.0959931088596881	-0.1206	0.01155
-0.0916297857297023	-0.0931	0.01118
-0.08726646259971647	-0.0666	0.01079
-0.08290313946973064	-0.0382	0.01055
-0.07853981633974483	-0.0118	0.01018
-0.07417649320975901	0.0161	0.0099
-0.06981317007977318	0.0434	0.00973
-0.06544984694978735	0.071	0.00948
-0.061086523819801536	0.0987	0.00929
-0.05672320068981571	0.1262	0.00913
-0.05235987755982988	0.1541	0.00898
-0.04799655442984405	0.1815	0.00882
-0.04363323129985824	0.209	0.00867
-0.039269908169872414	0.2366	0.00855
-0.03490658503988659	0.2641	0.00844
-0.030543261909900768	0.2915	0.00833
-0.02617993877991494	0.319	0.00826
-0.02181661564992912	0.3463	0.00818
-0.017453292519943295	0.3734	0.00807
-0.008726646259971648	0.4265	0.00766
-0.004363323129985824	0.4513	0.00733
0	0.4741	0.00703
0.004363323129985824	0.4944	0.00681
0.008726646259971648	0.5429	0.00683
0.01308996938995747	0.5727	0.00693
0.017453292519943295	0.5983	0.00705
0.02181661564992912	0.6239	0.00719
0.02617993877991494	0.6499	0.00731
0.030543261909900768	0.6761	0.00744
0.03490658503988659	0.7023	0.00759
0.039269908169872414	0.7283	0.00775
0.04363323129985824	0.7548	0.00788
0.04799655442984405	0.7811	0.00804
0.05235987755982988	0.8073	0.0082
0.05672320068981571	0.8339	0.00834
0.061086523819801536	0.86	0.00854
0.06544984694978735	0.8867	0.00866
0.06981317007977318	0.9127	0.00884
0.07417649320975901	0.9385	0.00902
0.07853981633974483	0.9647	0.00917
0.08290313946973064	0.9903	0.00937
0.08726646259971647	1.0155	0.00957
0.0916297857297023	1.0403	0.00977
0.0959931088596881	1.0652	0.00997
0.10035643198967394	1.0906	0.01016
0.10471975511965977	1.1155	0.01038
0.1090830782496456	1.1399	0.01063
0.11344640137963143	1.1639	0.0109
0.11780972450961724	1.1875	0.01119
0.12217304763960309	1.2103	0.01152
0.1265363707695889	1.2318	0.01193
0.1308996938995747	1.2528	0.01238
0.13526301702956053	1.2718	0.01294
0.13962634015954636	1.2891	0.01362
0.1439896632895322	1.3042	0.01442
0.14835298641951802	1.3175	0.01531
0.15271630954950383	1.3282	0.01622
0.15707963267948966	1.3388	0.01711
0.16144295580947549	1.35	0.01798
0.1658062789394613	1.3615	0.01884
0.17016960206944712	1.3735	0.01968
0.17453292519943295	1.3845	0.0206
0.17889624832941875	1.3969	0.02144
0.1832595714594046	1.4094	0.0223
0.1876228945893904	1.4184	0.0234
0.19198621771937624	1.427	0.02457
0.19634954084936207	1.4395	0.02551
0.20071286397934787	1.4503	0.02659
0.20507618710933373	1.4584	0.02791
0.20943951023931953	1.4602	0.02976
0.21380283336930536	1.4688	0.03116
0.2181661564992912	1.4791	0.03246
0.222529479629277	1.4875	0.03395
0.22689280275926285	1.4938	0.03568
0.23125612588924865	1.4941	0.03801
0.23561944901923448	1.4941	0.04045
0.2399827721492203	1.503	0.04212
0.24434609527920617	1.5091	0.0441
0.24870941840919197	1.5135	0.0463
0.2530727415391778	1.5126	0.04913
0.2574360646691636	1.5064	0.0526
0.2617993877991494	1.5124	0.05486
0.26616271092913524	1.5153	0.05748
0.27052603405912107	1.5171	0.06031
0.2748893571891069	1.5155	0.06359
0.2792526803190927	1.5055	0.06789
0.28361600344907856	1.508	0.07082
0.2879793265790644	1.5081	0.07407
0.29234264970905016	1.5068	0.07756
0.29670597283903605	1.5043	0.08125
0.3010692959690218	1.4987	0.08538
0.35787976312143727	1.2716761111899821	0.12526205927145137
0.41469023027385266	1.1762110367700864	0.1754698882256477
0.4715006974262681	1.107028071733294	0.2312124383584531
0.5283111645786835	1.0533796527317068	0.29177795090760517
0.585121631731099	1.0085759544602915	0.35639330759106713
0.6419320988835143	0.9682323810638422	0.42423397504329186
0.6987425660359298	0.9293738854180933	0.4944346096750288
0.7555530331883453	0.88994446698264	0.5661001862891002
0.8123635003407607	0.8485228579041452	0.6383175070384575
0.8691739674931762	0.8041494488997303	0.7101669424158211
0.9259844346455915	0.7562161101591502	0.7807342529794647
0.9827949017980069	0.7043929303100895	0.8491223394856381
1.0396053689504223	0.6485772723872276	0.9144627700281339
1.0964158361028378	0.5888566250565554	0.9759269356674611
1.1532263032552532	0.5254801191069354	1.0327366908289244
1.2100367704076687	0.4588355449857048	1.0841743413986544
1.266847237560084	0.3894298861364796	1.129591851863569
1.3236577047124995	0.31787211251945735	1.1684191529167876
1.380468171864915	0.2448574436644957	1.200171442554243
1.4372786390173304	0.17115259540000013	1.2244553866714427
1.4940891061697457	0.09758172993237696	1.240974139364137
1.550899573322161	0.025012971814200185	1.249531118359934
1.6077100404745766	-0.03261442107456357	1.2478108017899974
1.664520507626992	-0.08368788407535745	1.2368544121424692
1.7213309747794074	-0.13527811417426555	1.2179844414803982
1.7781414419318229	-0.1867856738533442	1.1914278248888444
1.8349519090842383	-0.23764468759046056	1.1575107639940325
1.8917623762366536	-0.2873323939411473	1.1166545728112611
1.9485728433890692	-0.3353791139739278	1.0693702964154423
2.0053833105414847	-0.38137875871684546	1.0162521716636657
2.0621937776939	-0.4250001094081543	0.9579700141344185
2.1190042448463156	-0.4659992657483492	0.8952606292985266
2.175814711998731	-0.5042338987682182	0.8289183585238208
2.2326251791511464	-0.5396803163223943	0.7597848816766973
2.289435646303562	-0.5724549370505931	0.6887384076751552
2.3462461134559773	-0.6028427272369049	0.6166823922458645
2.403056580608393	-0.6313367692128875	0.5445339282404781
2.4598670477608082	-0.65869594582069	0.47321195809503186
2.5166775149132232	-0.6860328350979196	0.40362546031632474
2.5734879820656387	-0.714953606319402	0.336661762220957
2.630298449218054	-0.7477910897534411	0.2731751295318114
2.6871089163704696	-0.7880133633216869	0.21397577987402452
2.743919383522885	-0.8409842880710178	0.15981946175390854
2.8007298506753004	-0.9154876280151586	0.11139773332013755
2.857540317827716	-1.0270849393210504	0.06932906619076537
2.9143507849801313	-0.8920548000000001	0.034150888998513707
2.971161252132547	-0.6690411000000002	0.006312673197332575
3.0279717192849622	-0.4460274000000001	0.0001
3.0847821864373777	-0.22301370000000004	0.0001
3.141592653589793	0	0.0001
